initial: 6
0.50422 0.49578 0.00000 0.00000 0.00000 0.00000

transition: 6
0.28734 0.47993 0.00801 0.22248 0.00003 0.00220
0.00407 0.50197 0.19862 0.00006 0.00000 0.29527
0.00353 0.00070 0.21154 0.78061 0.00013 0.00349
0.00024 0.00368 0.00574 0.26141 0.52467 0.20426
0.00000 0.00000 0.00000 0.00000 0.50093 0.49907
0.63919 0.00008 0.17190 0.18883 0.00000 0.00000

observation: 6
0.00007 0.29942 0.00521 0.10078 0.29829 0.09774
0.09510 0.39732 0.00002 0.10068 0.00000 0.10011
0.40794 0.19934 0.48603 0.29546 0.30263 0.00000
0.49690 0.10392 0.50082 0.40326 0.00000 0.00000
0.00000 0.00000 0.00792 0.09983 0.00000 0.80215
0.00000 0.00000 0.00000 0.00000 0.39908 0.00000
