initial: 6
0.72577 0.00000 0.08851 0.18572 0.00000 0.00000

transition: 6
0.30851 0.02127 0.47036 0.00338 0.00000 0.19647
0.00082 0.24415 0.73975 0.01528 0.00000 0.00000
0.00268 0.52386 0.17120 0.30225 0.00000 0.00000
0.00224 0.20345 0.00002 0.59276 0.00001 0.20153
0.10523 0.00000 0.00000 0.00000 0.51247 0.38230
0.00112 0.40333 0.00000 0.00000 0.30617 0.28938

observation: 6
0.99185 0.49336 0.28973 0.09377 0.00426 0.09699
0.00296 0.00648 0.41828 0.09858 0.10489 0.09454
0.00353 0.00818 0.20492 0.80763 0.09181 0.31280
0.00166 0.49197 0.08707 0.00002 0.01673 0.39624
0.00000 0.00000 0.00000 0.00000 0.00513 0.09943
0.00000 0.00000 0.00000 0.00000 0.77719 0.00000
