initial: 6
0.00000 0.13640 0.07079 0.20941 0.00000 0.58341

transition: 6
0.19243 0.32467 0.48285 0.00004 0.00000 0.00001
0.12811 0.32849 0.35958 0.06454 0.00000 0.11927
0.51384 0.01640 0.14789 0.32186 0.00000 0.00000
0.20025 0.00473 0.00224 0.59764 0.00000 0.19514
0.00002 0.10861 0.00000 0.00000 0.51214 0.37923
0.40103 0.00096 0.00000 0.00000 0.31408 0.28394

observation: 6
0.48523 0.65230 0.24329 0.10150 0.00637 0.09482
0.00532 0.03727 0.46352 0.09627 0.09941 0.09449
0.00007 0.26864 0.18692 0.19621 0.10438 0.30536
0.50937 0.04177 0.10509 0.00000 0.00862 0.40238
0.00001 0.00002 0.00118 0.60602 0.00207 0.10295
0.00000 0.00000 0.00000 0.00000 0.77915 0.00000
