initial: 6
0.73501 0.00007 0.08043 0.18448 0.00000 0.00000

transition: 6
0.29715 0.04078 0.47964 0.00539 0.00000 0.17703
0.21029 0.22221 0.56441 0.00307 0.00000 0.00001
0.00675 0.51381 0.16849 0.31038 0.00000 0.00057
0.00181 0.20455 0.00022 0.59510 0.00000 0.19832
0.10788 0.00000 0.00000 0.00000 0.50569 0.38643
0.00394 0.39458 0.00000 0.00000 0.30915 0.29233

observation: 6
0.68881 0.49019 0.29210 0.09859 0.00293 0.09578
0.00699 0.01009 0.41256 0.09683 0.10265 0.09440
0.30169 0.00160 0.20202 0.19538 0.09710 0.30495
0.00247 0.49812 0.09235 0.00000 0.00592 0.40490
0.00005 0.00001 0.00097 0.60920 0.00261 0.09997
0.00000 0.00000 0.00000 0.00000 0.78880 0.00000
